1 39.976 116.227 3.35976 -0.016968 0.019458 -0.033161
2 39.835 116.189 3.33833 0.179041 0.051974 0.039402
3 39.89 116.281 2.96994 -0.179041 -0.051974 -0.039402
4 39.853 116.118 3.31362 0.025667 -0.04632 0.067437
5 39.894 116.182 3.16465 0.037916 0.078454 -0.064255
6 39.878 116.143 3.29371 0.043526 -0.003147 0.031911
7 39.976 116.147 3.49268 -0.05766 0.072077 -0.098982
8 39.935 116.193 3.48031 0.120491 0.04302 0.022687
9 39.848 116.257 3.32838 -0.121867 -0.022258 -0.038374
10 39.779 116.304 3.05608 0.004038 -0.040409 0.049221
11 39.859 116.261 3.16839 -0.036192 0.127611 -0.150381
12 39.801 116.233 3.19782 0.076421 0.023565 0.017239
13 39.997 116.14 3.03292 -0.076077 -0.005396 -0.034574
14 39.907 116.284 3.09821 0.04592 0.130869 -0.117564
15 39.862 116.124 3.16884 0.035729 -0.017349 0.0404
16 40.031 116.381 2.9855 0.059372 0.055268 -0.029126
17 39.8 116.079 3.43324 -0.035878 -0.061332 0.052476
18 39.956 116.323 3.49456 0.063852 0.05871 -0.027012
19 39.939 116.171 3.25157 -0.022002 0.16409 -0.186594
20 39.853 116.278 3.17062 -0.113537 -0.086819 0.02769
21 41.923 115.762 3.96942 -0.028846 -0.011843 -0.025562
22 41.869 115.614 4.09884 0.001197 -0.032 0.006795
23 41.982 115.604 3.97955 -0.112374 -0.009337 -0.07126
24 41.968 115.765 4.02879 0.035638 0.017203 -0.027427
25 41.897 115.571 3.99982 -0.023487 -0.057141 0.020214
26 41.765 115.604 3.96345 -0.040473 -0.036986 -0.004976
27 41.955 115.751 3.9504 0.132699 0.072565 -0.033526
28 41.959 115.741 4.08835 0.059777 -0.028014 0.027428
29 41.822 115.543 4.05758 -0.017725 -0.078341 0.047136
30 41.918 115.708 4.10536 0.156558 0.02748 0.020566
31 41.742 115.838 4.2737 0.094208 0.003844 0.016381
32 41.842 115.749 4.25527 0.130742 0.081651 -0.046129
33 41.939 115.739 3.91401 0.137032 -0.008314 0.051346
34 41.87 115.747 4.04666 -0.162835 -0.133113 0.031058
35 41.843 115.665 3.94305 0.165156 -0.01443 0.071286
36 41.712 115.579 3.99535 -0.060123 -0.076487 0.024732
37 41.976 115.737 4.02283 0.138949 0.133616 -0.092886
38 41.775 115.487 4.04787 -0.097883 -0.073333 0.002602
39 41.831 115.847 4.25948 0.087965 0.056319 -0.036859
40 41.768 115.617 4.09889 0.122459 -0.014611 0.050909
41 39.655 114.039 3.88023 0.014261 0.01427 -0.027278
42 39.543 114.006 4.01276 -0.00758 0.011251 -0.021249
43 39.624 114.159 3.78345 0.006539 -0.02917 0.025768
44 39.586 114.039 3.96396 0.05949 0.031669 -0.018302
45 39.589 113.946 3.9542 -0.0417 -0.011099 -0.02387
46 39.624 114.164 3.90756 0.01938 0.019494 -0.023173
47 39.615 114.113 4.00713 0.054724 0.000693 0.012423
48 39.618 114.032 3.62271 0.05545 0.007212 0.005211
49 39.602 114.029 3.6122 0.083997 -0.003442 0.031229
50 39.653 114.089 3.86216 0.079983 0.037391 -0.018749
51 39.576 113.943 3.71248 0.043222 -0.035011 0.041982
52 39.466 113.993 4.12718 -0.027324 -0.023935 -0.002598
53 39.513 114.03 4.10261 0.052168 0.035369 -0.025205
54 39.566 114.032 4.1439 0.102373 0.110777 -0.078701
55 39.613 114.031 3.9382 0.109826 0.12586 -0.108293
56 39.579 113.901 3.66317 -0.052674 -0.054251 0.016731
57 39.461 114.026 4.31441 0.018878 0.026764 -0.03971
58 39.651 113.951 4.12478 -0.025523 -0.107211 0.093532
59 39.525 114.08 3.81719 0.100815 0.138102 -0.111675
60 39.636 113.9 4.01352 -0.062093 -0.096015 0.055256
61 40.853 118.009 3.12344 -0.043893 -0.000355 -0.029174
62 40.84 117.991 3.21904 0.010776 0.031456 -0.035613
63 40.772 117.92 2.96734 -0.051882 -0.016784 -0.013736
64 40.805 118.089 2.96098 -0.078278 -0.03697 -0.007681
65 40.84 117.97 3.26356 -0.002863 -0.048647 0.041406
66 40.824 118.01 3.08372 -0.092683 -0.116749 0.066629
67 40.928 118.031 3.03632 -0.064577 0.02928 -0.063942
68 40.712 118.013 3.17856 -0.028869 -0.036493 0.012334
69 40.818 117.822 3.29205 -0.105495 -0.068171 0.00428
70 40.887 117.969 3.0938 0.0052 0.050671 -0.056558
71 40.843 117.83 3.07194 -0.087743 -0.093745 0.041803
72 40.826 118.134 3.05797 -0.068596 -0.044062 0.005812
73 40.91 117.961 3.21474 -0.086614 -0.031652 -0.01849
74 40.76 117.871 3.16308 -0.080442 -0.013778 -0.034284
75 40.932 118.123 3.00656 -0.090614 0.017628 -0.072723
76 40.737 118.021 2.84523 -0.111461 -0.013841 -0.048211
77 40.911 118.073 3.25739 -0.030909 -0.023002 0.00241
78 40.747 117.972 3.33704 -0.062997 -0.040984 -0.001825
79 40.904 117.964 3.24678 -0.035127 0.033041 -0.058544
80 40.727 118.057 2.95742 -0.022578 -0.010472 -0.00543
